10090000300000000    E=0.0 MeV, 1h9/2
+140.    +01.    +0.5
+40+02+00+00
+00.1   20.
+16.0   +01.0078+01.    +150.00 +60.    +01.226         +00.85   +01.
+01+01
+01.    -56.709 +1.228  +0.656          -1.030  +1.228  +00.656 
+02.                                    +38.332 +1.258  +00.597
-04.    -23.308 +01.064 +0.590
-03.932 +03.016 +01.    +148.00 +60.    +01.422         +00.25   +01.    -0.000
+02+02
-01.    -154.900+1.092  +0.784          -12.034 +1.287  +01.220
-02-01+00+00+00+02+00+00-1560.00                        +00.00
+01.    +05.    +00.    +01.0
-07.332 +01.008 +00.    +148.00 +60.                                     +0.000
-01.    -01.    +01.170 +00.75  +25.
+00.    +05.    +09.    +01.    +60.
+00 
+00+00
00090000300000000    Ex=0.0 MeV, 1h11/2
+140.    +01.    +0.5
+40+02+00+00
+00.1   20.
+16.0   +01.0078+01.    +150.00 +60.    +01.226         +00.85   +01.
+01+01
+01.    -56.709 +1.228  +0.656          -1.030  +1.228  +00.656 
+02.                                    +38.332 +1.258  +00.597
-04.    -23.308 +01.064 +0.590
-03.932 +03.016 +01.    +148.00 +60.    +01.422         +00.25   +01.    -0.000
+02+02
-01.    -154.900+1.092  +0.784          -12.034 +1.287  +01.220
-02-01+00+00+00+02+00+00-1560.00                        +00.00
+01.    +05.    +00.    +01.0
-07.332 +01.008 +00.    +148.00 +60.                                     +0.000
-01.    -01.    +01.170 +00.75  +25.
+00.    +05.    +11.    +01.    +60.
+00 
+00+00
00090000300000000    Ex=0.0 MeV, 1i13/2
+140.    +01.    +0.5
+40+02+00+00
+00.1   20.
+16.0   +01.0078+01.    +150.00 +60.    +01.226         +00.85   +01.
+01+01
+01.    -56.709 +1.228  +0.656          -1.030  +1.228  +00.656 
+02.                                    +38.332 +1.258  +00.597
-04.    -23.308 +01.064 +0.590
-03.932 +03.016 +01.    +148.00 +60.    +01.422         +00.25   +01.    -0.000
+02+02
-01.    -154.900+1.092  +0.784          -12.034 +1.287  +01.220
-02-01+00+00+00+02+00+00-1560.00                        +00.00
+01.    +05.    +00.    +01.0
-07.332 +01.008 +00.    +148.00 +60.                                     +0.000
-01.    -01.    +01.170 +00.75  +25.
+00.    +06.    +13.    +01.    +60.
+00 
+00+00
00090000300000000    Ex=0.0 MeV, 2f7/2
+140.    +01.    +0.5
+40+02+00+00
+00.1   20.
+16.0   +01.0078+01.    +150.00 +60.    +01.226         +00.85   +01.
+01+01
+01.    -56.709 +1.228  +0.656          -1.030  +1.228  +00.656 
+02.                                    +38.332 +1.258  +00.597
-04.    -23.308 +01.064 +0.590
-03.932 +03.016 +01.    +148.00 +60.    +01.422         +00.25   +01.    -0.000
+02+02
-01.    -154.900+1.092  +0.784          -12.034 +1.287  +01.220
-02-01+00+00+00+02+00+00-1560.00                        +00.00
+01.    +05.    +00.    +01.0
-07.332 +01.008 +00.    +148.00 +60.                                     +0.000
-01.    -01.    +01.170 +00.75  +25.
+01.    +03.    +07.    +01.    +60.
+00 
+00+00
00090000300000000    Ex=0.0 MeV, 2f5/2
+140.    +01.    +0.5
+40+02+00+00
+00.1   20.
+16.0   +01.0078+01.    +150.00 +60.    +01.226         +00.85   +01.
+01+01
+01.    -56.709 +1.228  +0.656          -1.030  +1.228  +00.656 
+02.                                    +38.332 +1.258  +00.597
-04.    -23.308 +01.064 +0.590
-03.932 +03.016 +01.    +148.00 +60.    +01.422         +00.25   +01.    -0.000
+02+02
-01.    -154.900+1.092  +0.784          -12.034 +1.287  +01.220
-02-01+00+00+00+02+00+00-1560.00                        +00.00
+01.    +05.    +00.    +01.0
-07.332 +01.008 +00.    +148.00 +60.                                     +0.000
-01.    -01.    +01.170 +00.75  +25.
+01.    +03.    +05.    +01.    +60.
+00 
+00+00
00090000300000000    Ex=0.0 MeV, 2d3/2
+140.    +01.    +0.5
+40+02+00+00
+00.1   20.
+16.0   +01.0078+01.    +150.00 +60.    +01.226         +00.85   +01.
+01+01
+01.    -56.709 +1.228  +0.656          -1.030  +1.228  +00.656 
+02.                                    +38.332 +1.258  +00.597
-04.    -23.308 +01.064 +0.590
-03.932 +03.016 +01.    +148.00 +60.    +01.422         +00.25   +01.    -0.000
+02+02
-01.    -154.900+1.092  +0.784          -12.034 +1.287  +01.220
-02-01+00+00+00+02+00+00-1560.00                        +00.00
+01.    +05.    +00.    +01.0
-07.332 +01.008 +00.    +148.00 +60.                                     +0.000
-01.    -01.    +01.170 +00.75  +25.
+01.    +02.    +03.    +01.    +60.
+00 
+00+00
00090000300000000    Ex=0.0 MeV, 2d5/2
+140.    +01.    +0.5
+40+02+00+00
+00.1   20.
+16.0   +01.0078+01.    +150.00 +60.    +01.226         +00.85   +01.
+01+01
+01.    -56.709 +1.228  +0.656          -1.030  +1.228  +00.656 
+02.                                    +38.332 +1.258  +00.597
-04.    -23.308 +01.064 +0.590
-03.932 +03.016 +01.    +148.00 +60.    +01.422         +00.25   +01.    -0.000
+02+02
-01.    -154.900+1.092  +0.784          -12.034 +1.287  +01.220
-02-01+00+00+00+02+00+00-1560.00                        +00.00
+01.    +05.    +00.    +01.0
-07.332 +01.008 +00.    +148.00 +60.                                     +0.000
-01.    -01.    +01.170 +00.75  +25.
+01.    +02.    +05.    +01.    +60.
+00 
+00+00
00090000300000000    Ex=0.0 MeV, 3s1/2
+140.    +01.    +0.5
+40+02+00+00
+00.1   20.
+16.0   +01.0078+01.    +150.00 +60.    +01.226         +00.85   +01.
+01+01
+01.    -56.709 +1.228  +0.656          -1.030  +1.228  +00.656 
+02.                                    +38.332 +1.258  +00.597
-04.    -23.308 +01.064 +0.590
-03.932 +03.016 +01.    +148.00 +60.    +01.422         +00.25   +01.    -0.000
+02+02
-01.    -154.900+1.092  +0.784          -12.034 +1.287  +01.220
-02-01+00+00+00+02+00+00-1560.00                        +00.00
+01.    +05.    +00.    +01.0
-07.332 +01.008 +00.    +148.00 +60.                                     +0.000
-01.    -01.    +01.170 +00.75  +25.
+01.    +00.    +01.    +01.    +60.
+00 
+00+00
00090000300000000    Ex=0.0 MeV, 3p1/2
+140.    +01.    +0.5
+40+02+00+00
+00.1   20.
+16.0   +01.0078+01.    +150.00 +60.    +01.226         +00.85   +01.
+01+01
+01.    -56.709 +1.228  +0.656          -1.030  +1.228  +00.656 
+02.                                    +38.332 +1.258  +00.597
-04.    -23.308 +01.064 +0.590
-03.932 +03.016 +01.    +148.00 +60.    +01.422         +00.25   +01.    -0.000
+02+02
-01.    -154.900+1.092  +0.784          -12.034 +1.287  +01.220
-02-01+00+00+00+02+00+00-1560.00                        +00.00
+01.    +05.    +00.    +01.0
-07.332 +01.008 +00.    +148.00 +60.                                     +0.000
-01.    -01.    +01.170 +00.75  +25.
+01.    +01.    +01.    +01.    +60.
+00 
+00+00
00090000300000000    Ex=0.0 MeV, 3p3/2
+140.    +01.    +0.5
+40+02+00+00
+00.1   20.
+16.0   +01.0078+01.    +150.00 +60.    +01.226         +00.85   +01.
+01+01
+01.    -56.709 +1.228  +0.656          -1.030  +1.228  +00.656 
+02.                                    +38.332 +1.258  +00.597
-04.    -23.308 +01.064 +0.590
-03.932 +03.016 +01.    +148.00 +60.    +01.422         +00.25   +01.    -0.000
+02+02
-01.    -154.900+1.092  +0.784          -12.034 +1.287  +01.220
-02-01+00+00+00+02+00+00-1560.00                        +00.00
+01.    +05.    +00.    +01.0
-07.332 +01.008 +00.    +148.00 +60.                                     +0.000
-01.    -01.    +01.170 +00.75  +25.
+01.    +01.    +03.    +01.    +60.
+00 
+00+00
9                    END OF DATA of CHUCK3 INPUT

optical model parameters:
-protons: Koning and Delaroche (2009)
-tritons: Li, Liang, Cai (2007)